{
    "object_uid": "3922-54205-28747",
    "coordinate_system": "blender",
    "frames": [
        {
            "view_index": 0,
            "file_path": "rgba/0000.png",
            "width": 576,
            "height": 576,
            "transform_matrix": [
                [
                    0.7089958786964417,
                    0.640287458896637,
                    -0.29556185007095337,
                    -1.2023544311523438
                ],
                [
                    -0.701065182685852,
                    0.5945488810539246,
                    -0.39372506737709045,
                    -1.5099940299987793
                ],
                [
                    -0.07637129724025726,
                    0.48635753989219666,
                    0.8704159259796143,
                    2.1186084747314453
                ],
                [
                    0.0,
                    0.0,
                    0.0,
                    1.0
                ]
            ],
            "camera_fov": [
                0.5268381237983704,
                0.5376754999160767
            ],
            "camera_principal_point": [
                291.21014404296875,
                512.0346069335938
            ]
        },
        {
            "view_index": 1,
            "file_path": "rgba/0001.png",
            "width": 576,
            "height": 576,
            "transform_matrix": [
                [
                    0.9617361426353455,
                    0.25259342789649963,
                    -0.10611332207918167,
                    -0.32804572582244873
                ],
                [
                    -0.2730400562286377,
                    0.8516337871551514,
                    -0.44740283489227295,
                    -1.4670907258987427
                ],
                [
                    -0.022641347721219063,
                    0.45925670862197876,
                    0.8880150318145752,
                    2.251629590988159
                ],
                [
                    0.0,
                    0.0,
                    0.0,
                    1.0
                ]
            ],
            "camera_fov": [
                0.5203146934509277,
                0.5310306549072266
            ],
            "camera_principal_point": [
                291.7926025390625,
                383.6747741699219
            ]
        },
        {
            "view_index": 2,
            "file_path": "rgba/0002.png",
            "width": 576,
            "height": 576,
            "transform_matrix": [
                [
                    -0.1286502182483673,
                    -0.8543754816055298,
                    0.5034794807434082,
                    1.5211795568466187
                ],
                [
                    0.9900432825088501,
                    -0.0814061164855957,
                    0.11483654379844666,
                    0.48198050260543823
                ],
                [
                    -0.057127177715301514,
                    0.5132402181625366,
                    0.8563416004180908,
                    2.1355676651000977
                ],
                [
                    0.0,
                    0.0,
                    0.0,
                    1.0
                ]
            ],
            "camera_fov": [
                0.5352087616920471,
                0.5462011098861694
            ],
            "camera_principal_point": [
                335.7476501464844,
                359.90283203125
            ]
        },
        {
            "view_index": 3,
            "file_path": "rgba/0003.png",
            "width": 576,
            "height": 576,
            "transform_matrix": [
                [
                    -0.8892571330070496,
                    0.3754456639289856,
                    -0.2612704932689667,
                    -0.7497347593307495
                ],
                [
                    -0.45648181438446045,
                    -0.7647590637207031,
                    0.4547175467014313,
                    1.5235103368759155
                ],
                [
                    -0.02908727526664734,
                    0.5236259698867798,
                    0.8514516353607178,
                    1.9569923877716064
                ],
                [
                    0.0,
                    0.0,
                    0.0,
                    1.0
                ]
            ],
            "camera_fov": [
                0.5638924837112427,
                0.5754101872444153
            ],
            "camera_principal_point": [
                247.2921905517578,
                427.0666809082031
            ]
        }
    ]
}