{
    "object_uid": "123-27727-45792",
    "coordinate_system": "blender",
    "frames": [
        {
            "view_index": 0,
            "file_path": "rgba/0000.png",
            "width": 576,
            "height": 576,
            "transform_matrix": [
                [
                    -0.966346025466919,
                    -0.10569150745868683,
                    0.23453141748905182,
                    1.2933876514434814
                ],
                [
                    0.2468840479850769,
                    -0.6371915340423584,
                    0.7300927042961121,
                    3.9888672828674316
                ],
                [
                    0.07227680087089539,
                    0.7634242177009583,
                    0.6418410539627075,
                    2.7652719020843506
                ],
                [
                    0.0,
                    0.0,
                    0.0,
                    1.0
                ]
            ],
            "camera_fov": [
                0.2113657295703888,
                0.20869985222816467
            ],
            "camera_principal_point": [
                227.00343322753906,
                530.2362060546875
            ]
        },
        {
            "view_index": 1,
            "file_path": "rgba/0001.png",
            "width": 576,
            "height": 576,
            "transform_matrix": [
                [
                    -0.2638162076473236,
                    0.4703008532524109,
                    -0.8421510457992554,
                    -2.7880284786224365
                ],
                [
                    -0.9636440277099609,
                    -0.09019673615694046,
                    0.25150516629219055,
                    1.0535293817520142
                ],
                [
                    0.04232381656765938,
                    0.8778849244117737,
                    0.47699788212776184,
                    1.2112491130828857
                ],
                [
                    0.0,
                    0.0,
                    0.0,
                    1.0
                ]
            ],
            "camera_fov": [
                0.40532296895980835,
                0.4003105163574219
            ],
            "camera_principal_point": [
                179.2188720703125,
                456.86724853515625
            ]
        },
        {
            "view_index": 2,
            "file_path": "rgba/0002.png",
            "width": 576,
            "height": 576,
            "transform_matrix": [
                [
                    0.9782228469848633,
                    0.08141201734542847,
                    -0.1909249871969223,
                    -1.0977245569229126
                ],
                [
                    -0.19806058704853058,
                    0.6412087678909302,
                    -0.741365909576416,
                    -3.0941789150238037
                ],
                [
                    0.06206667423248291,
                    0.7630357146263123,
                    0.6433695554733276,
                    1.9583702087402344
                ],
                [
                    0.0,
                    0.0,
                    0.0,
                    1.0
                ]
            ],
            "camera_fov": [
                0.29431357979774475,
                0.29062700271606445
            ],
            "camera_principal_point": [
                237.5238037109375,
                518.680908203125
            ]
        },
        {
            "view_index": 3,
            "file_path": "rgba/0003.png",
            "width": 576,
            "height": 576,
            "transform_matrix": [
                [
                    0.1911943405866623,
                    -0.6817946434020996,
                    0.7061169147491455,
                    3.170398473739624
                ],
                [
                    0.9783087968826294,
                    0.0739322155714035,
                    -0.19350984692573547,
                    -1.3246687650680542
                ],
                [
                    0.07972915470600128,
                    0.727798342704773,
                    0.6811410188674927,
                    2.654045343399048
                ],
                [
                    0.0,
                    0.0,
                    0.0,
                    1.0
                ]
            ],
            "camera_fov": [
                0.2881242036819458,
                0.2845129668712616
            ],
            "camera_principal_point": [
                72.54972839355469,
                373.7804870605469
            ]
        }
    ]
}