{
    "object_uid": "120-96895-52955",
    "coordinate_system": "blender",
    "frames": [
        {
            "view_index": 0,
            "file_path": "rgba/0000.png",
            "width": 576,
            "height": 576,
            "transform_matrix": [
                [
                    -0.04353337362408638,
                    0.9885419607162476,
                    -0.14453251659870148,
                    -0.2998935282230377
                ],
                [
                    -0.9984520673751831,
                    -0.03803658485412598,
                    0.0405806303024292,
                    0.07382699102163315
                ],
                [
                    0.034618131816387177,
                    0.14607539772987366,
                    0.9886675477027893,
                    3.037440061569214
                ],
                [
                    0.0,
                    0.0,
                    0.0,
                    1.0
                ]
            ],
            "camera_fov": [
                0.42616525292396545,
                0.42171746492385864
            ],
            "camera_principal_point": [
                310.5710754394531,
                228.08685302734375
            ]
        },
        {
            "view_index": 1,
            "file_path": "rgba/0001.png",
            "width": 576,
            "height": 576,
            "transform_matrix": [
                [
                    -0.995850145816803,
                    -0.052916474640369415,
                    0.074042908847332,
                    0.36719727516174316
                ],
                [
                    0.0892396867275238,
                    -0.4081680476665497,
                    0.9085347056388855,
                    3.64117169380188
                ],
                [
                    -0.017854511737823486,
                    0.9113718271255493,
                    0.41119638085365295,
                    1.500151515007019
                ],
                [
                    0.0,
                    0.0,
                    0.0,
                    1.0
                ]
            ],
            "camera_fov": [
                0.2389419823884964,
                0.23639632761478424
            ],
            "camera_principal_point": [
                232.2954864501953,
                343.7533264160156
            ]
        },
        {
            "view_index": 2,
            "file_path": "rgba/0002.png",
            "width": 576,
            "height": 576,
            "transform_matrix": [
                [
                    0.22444576025009155,
                    -0.9192079305648804,
                    0.32354435324668884,
                    0.985503613948822
                ],
                [
                    0.97438645362854,
                    0.21645303070545197,
                    -0.060985710471868515,
                    -0.16388171911239624
                ],
                [
                    -0.013973606750369072,
                    0.3289451599121094,
                    0.9442455768585205,
                    3.11098575592041
                ],
                [
                    0.0,
                    0.0,
                    0.0,
                    1.0
                ]
            ],
            "camera_fov": [
                0.40391772985458374,
                0.3996891975402832
            ],
            "camera_principal_point": [
                296.87298583984375,
                258.7300720214844
            ]
        },
        {
            "view_index": 3,
            "file_path": "rgba/0003.png",
            "width": 576,
            "height": 576,
            "transform_matrix": [
                [
                    0.9188932180404663,
                    0.2061740905046463,
                    -0.33634430170059204,
                    -1.3016588687896729
                ],
                [
                    -0.3929455280303955,
                    0.4025619626045227,
                    -0.8267635107040405,
                    -3.2099533081054688
                ],
                [
                    -0.03505779802799225,
                    0.891872227191925,
                    0.4509265422821045,
                    1.721613883972168
                ],
                [
                    0.0,
                    0.0,
                    0.0,
                    1.0
                ]
            ],
            "camera_fov": [
                0.26847174763679504,
                0.2656185030937195
            ],
            "camera_principal_point": [
                289.0655212402344,
                280.7843322753906
            ]
        }
    ]
}