{
  "object_uid": "Camera_01",
  "illumination_index": 0,
  "illumination": {
    "type": "environment_illumination",
    "z_rotation": 1.291411948450329,
    "img_name": "773-hdri-skies-com.hdr"
  },
  "coordinate_system": "ogl",
  "frames": [
    {
      "view_index": 0,
      "file_path": "rgba/0000.png",
      "width": 576,
      "height": 576,
      "transform_matrix": [
        [
          0.7215716242790222,
          -0.43973079323768616,
          -0.5347628593444824,
          -1.3104897737503052
        ],
        [
          1.4901161193847656e-08,
          0.7723993062973022,
          -0.6351372003555298,
          -1.5564671754837036
        ],
        [
          0.6923398971557617,
          0.4582969546318054,
          0.557341456413269,
          1.3658208847045898
        ],
        [
          0.0,
          0.0,
          0.0,
          1.0
        ]
      ],
      "camera_fov": [
        0.6395013332366943,
        0.6395013332366943
      ],
      "camera_principal_point": [
        288.0,
        288.0
      ]
    },
    {
      "view_index": 10,
      "file_path": "rgba/0010.png",
      "width": 576,
      "height": 576,
      "transform_matrix": [
        [
          -0.44545629620552063,
          -0.6219419836997986,
          0.6440162658691406,
          1.3981289863586426
        ],
        [
          1.4901161193847656e-08,
          0.7193270921707153,
          0.6946715116500854,
          1.50809907913208
        ],
        [
          -0.8953037261962891,
          0.3094457983970642,
          -0.3204287886619568,
          -0.6956357955932617
        ],
        [
          0.0,
          0.0,
          0.0,
          1.0
        ]
      ],
      "camera_fov": [
        0.6395013332366943,
        0.6395013332366943
      ],
      "camera_principal_point": [
        288.0,
        288.0
      ]
    },
    {
      "view_index": 21,
      "file_path": "rgba/0021.png",
      "width": 576,
      "height": 576,
      "transform_matrix": [
        [
          -0.6662989854812622,
          -0.5888722538948059,
          0.4574660360813141,
          1.0423396825790405
        ],
        [
          1.4901161193847656e-08,
          0.6134844422340393,
          0.7897067666053772,
          1.7993525266647339
        ],
        [
          -0.7456846833229065,
          0.5261808633804321,
          -0.408764123916626,
          -0.9313719868659973
        ],
        [
          0.0,
          0.0,
          0.0,
          1.0
        ]
      ],
      "camera_fov": [
        0.6395013332366943,
        0.6395013332366943
      ],
      "camera_principal_point": [
        288.0,
        288.0
      ]
    },
    {
      "view_index": 31,
      "file_path": "rgba/0031.png",
      "width": 576,
      "height": 576,
      "transform_matrix": [
        [
          0.9405332803726196,
          -0.03422066196799278,
          0.33797362446784973,
          0.7588924169540405
        ],
        [
          -3.725290298461914e-09,
          0.9949130415916443,
          0.10073740035295486,
          0.22619767487049103
        ],
        [
          -0.33970165252685547,
          -0.09474688023328781,
          0.935748815536499,
          2.1011481285095215
        ],
        [
          0.0,
          0.0,
          0.0,
          1.0
        ]
      ],
      "camera_fov": [
        0.6395013332366943,
        0.6395013332366943
      ],
      "camera_principal_point": [
        288.0,
        288.0
      ]
    }
  ]
}