{
    "object_uid": "217-72983-41010",
    "coordinate_system": "blender",
    "frames": [
        {
            "view_index": 0,
            "file_path": "rgba/0000.png",
            "width": 576,
            "height": 576,
            "transform_matrix": [
                [
                    -0.3984621465206146,
                    0.6507114768028259,
                    -0.6463767886161804,
                    -1.1361515522003174
                ],
                [
                    -0.9163283705711365,
                    -0.25198039412498474,
                    0.3112049400806427,
                    0.7036573886871338
                ],
                [
                    0.03963031992316246,
                    0.7162966132164001,
                    0.6966698169708252,
                    1.3398622274398804
                ],
                [
                    0.0,
                    0.0,
                    0.0,
                    1.0
                ]
            ],
            "camera_fov": [
                0.6473178267478943,
                0.6451087594032288
            ],
            "camera_principal_point": [
                227.85284423828125,
                242.26466369628906
            ]
        },
        {
            "view_index": 1,
            "file_path": "rgba/0001.png",
            "width": 576,
            "height": 576,
            "transform_matrix": [
                [
                    -0.9352749586105347,
                    -0.2928972840309143,
                    0.1986767053604126,
                    0.6721261143684387
                ],
                [
                    0.3522975444793701,
                    -0.824188232421875,
                    0.44339650869369507,
                    1.0848466157913208
                ],
                [
                    0.033877283334732056,
                    0.48469078540802,
                    0.8740293979644775,
                    1.891837477684021
                ],
                [
                    0.0,
                    0.0,
                    0.0,
                    1.0
                ]
            ],
            "camera_fov": [
                0.5055327415466309,
                0.5037590265274048
            ],
            "camera_principal_point": [
                195.12387084960938,
                352.8012390136719
            ]
        },
        {
            "view_index": 2,
            "file_path": "rgba/0002.png",
            "width": 576,
            "height": 576,
            "transform_matrix": [
                [
                    0.4035956859588623,
                    -0.8700544834136963,
                    0.28304773569107056,
                    0.37931159138679504
                ],
                [
                    0.9125338196754456,
                    0.3603783845901489,
                    -0.1934157758951187,
                    -0.5210959315299988
                ],
                [
                    0.06627799570560455,
                    0.33635225892066956,
                    0.9394012093544006,
                    1.788993000984192
                ],
                [
                    0.0,
                    0.0,
                    0.0,
                    1.0
                ]
            ],
            "camera_fov": [
                0.6351043581962585,
                0.6329311728477478
            ],
            "camera_principal_point": [
                206.525634765625,
                229.72198486328125
            ]
        },
        {
            "view_index": 3,
            "file_path": "rgba/0003.png",
            "width": 576,
            "height": 576,
            "transform_matrix": [
                [
                    0.6990536451339722,
                    0.6541936993598938,
                    -0.28871268033981323,
                    -0.764720618724823
                ],
                [
                    -0.7114604115486145,
                    0.6768275499343872,
                    -0.18902043998241425,
                    -0.27314653992652893
                ],
                [
                    0.07175275683403015,
                    0.3375430405139923,
                    0.9385714530944824,
                    1.7991955280303955
                ],
                [
                    0.0,
                    0.0,
                    0.0,
                    1.0
                ]
            ],
            "camera_fov": [
                0.5786541104316711,
                0.5766509175300598
            ],
            "camera_principal_point": [
                172.42852783203125,
                302.99456787109375
            ]
        }
    ]
}