{
    "object_uid": "639-13622-90739",
    "coordinate_system": "blender",
    "frames": [
        {
            "view_index": 0,
            "file_path": "rgba/0000.png",
            "width": 576,
            "height": 576,
            "transform_matrix": [
                [
                    -0.4334155321121216,
                    0.6822943687438965,
                    -0.5887488722801208,
                    -0.8477411270141602
                ],
                [
                    -0.9011903405189514,
                    -0.3300427794456482,
                    0.28094062209129333,
                    0.4605734348297119
                ],
                [
                    -0.0026281254831701517,
                    0.6523389220237732,
                    0.7579227685928345,
                    1.3911094665527344
                ],
                [
                    0.0,
                    0.0,
                    0.0,
                    1.0
                ]
            ],
            "camera_fov": [
                0.5073975324630737,
                0.5073930621147156
            ],
            "camera_principal_point": [
                239.55007934570312,
                222.5411376953125
            ]
        },
        {
            "view_index": 1,
            "file_path": "rgba/0001.png",
            "width": 576,
            "height": 576,
            "transform_matrix": [
                [
                    0.4078565835952759,
                    -0.8307770490646362,
                    0.37876421213150024,
                    0.6851454973220825
                ],
                [
                    0.9127935767173767,
                    0.36124908924102783,
                    -0.19054412841796875,
                    -0.3280743360519409
                ],
                [
                    0.02147146686911583,
                    0.4234481751918793,
                    0.9056657552719116,
                    1.4786096811294556
                ],
                [
                    0.0,
                    0.0,
                    0.0,
                    1.0
                ]
            ],
            "camera_fov": [
                0.4551543593406677,
                0.455150306224823
            ],
            "camera_principal_point": [
                292.3818054199219,
                360.5447998046875
            ]
        },
        {
            "view_index": 2,
            "file_path": "rgba/0002.png",
            "width": 576,
            "height": 576,
            "transform_matrix": [
                [
                    0.8672828078269958,
                    0.42400479316711426,
                    -0.2608453035354614,
                    -0.48415738344192505
                ],
                [
                    -0.49518412351608276,
                    0.7885907292366028,
                    -0.3645781874656677,
                    -0.664720892906189
                ],
                [
                    0.05111733078956604,
                    0.44535884261131287,
                    0.8938916921615601,
                    1.5991772413253784
                ],
                [
                    0.0,
                    0.0,
                    0.0,
                    1.0
                ]
            ],
            "camera_fov": [
                0.4282265305519104,
                0.42822265625
            ],
            "camera_principal_point": [
                273.93505859375,
                319.21435546875
            ]
        },
        {
            "view_index": 3,
            "file_path": "rgba/0003.png",
            "width": 576,
            "height": 576,
            "transform_matrix": [
                [
                    -0.9222844243049622,
                    -0.342867374420166,
                    0.1784188151359558,
                    0.2495369017124176
                ],
                [
                    0.3859426975250244,
                    -0.8419750928878784,
                    0.3769962191581726,
                    0.6438781023025513
                ],
                [
                    0.020964503288269043,
                    0.416557252407074,
                    0.908867597579956,
                    1.5792722702026367
                ],
                [
                    0.0,
                    0.0,
                    0.0,
                    1.0
                ]
            ],
            "camera_fov": [
                0.4135737419128418,
                0.4135700464248657
            ],
            "camera_principal_point": [
                325.1967468261719,
                279.0957946777344
            ]
        }
    ]
}