{
  "object_uid": "BarberShopChair_01",
  "illumination_index": 0,
  "illumination": {
    "type": "environment_illumination",
    "z_rotation": 2.8382331083764303,
    "img_name": "766-hdri-skies-com.hdr"
  },
  "coordinate_system": "ogl",
  "frames": [
    {
      "view_index": 0,
      "file_path": "rgba/0000.png",
      "width": 576,
      "height": 576,
      "transform_matrix": [
        [
          0.07424990832805634,
          0.6762835383415222,
          0.7328899502754211,
          1.5715901851654053
        ],
        [
          -3.7252898543727042e-09,
          0.734918475151062,
          -0.6781554818153381,
          -1.4542189836502075
        ],
        [
          -0.9972396492958069,
          0.05035297945141792,
          0.05456763505935669,
          0.11701342463493347
        ],
        [
          0.0,
          0.0,
          0.0,
          1.0
        ]
      ],
      "camera_fov": [
        0.7391648888587952,
        0.7391648888587952
      ],
      "camera_principal_point": [
        288.0,
        288.0
      ]
    },
    {
      "view_index": 10,
      "file_path": "rgba/0010.png",
      "width": 576,
      "height": 576,
      "transform_matrix": [
        [
          -0.9807690978050232,
          0.09678372740745544,
          -0.16948431730270386,
          -0.37966522574424744
        ],
        [
          0.0,
          0.868385374546051,
          0.49588996171951294,
          1.1108530759811401
        ],
        [
          0.1951717734336853,
          0.4863535463809967,
          -0.8516855239868164,
          -1.9078779220581055
        ],
        [
          0.0,
          0.0,
          0.0,
          1.0
        ]
      ],
      "camera_fov": [
        0.7391648888587952,
        0.7391648888587952
      ],
      "camera_principal_point": [
        288.0,
        288.0
      ]
    },
    {
      "view_index": 21,
      "file_path": "rgba/0021.png",
      "width": 576,
      "height": 576,
      "transform_matrix": [
        [
          -0.8441736698150635,
          -0.1188279315829277,
          0.5227339863777161,
          1.3652845621109009
        ],
        [
          0.0,
          0.9751228094100952,
          0.22166502475738525,
          0.5789480805397034
        ],
        [
          -0.536069929599762,
          0.18712376058101654,
          -0.8231729865074158,
          -2.1499757766723633
        ],
        [
          0.0,
          0.0,
          0.0,
          1.0
        ]
      ],
      "camera_fov": [
        0.7391648888587952,
        0.7391648888587952
      ],
      "camera_principal_point": [
        288.0,
        288.0
      ]
    },
    {
      "view_index": 31,
      "file_path": "rgba/0031.png",
      "width": 576,
      "height": 576,
      "transform_matrix": [
        [
          -0.945651113986969,
          -0.09990808367729187,
          0.30945494771003723,
          0.6761143803596497
        ],
        [
          7.450580596923828e-09,
          0.9516331553459167,
          0.30723652243614197,
          0.6712674498558044
        ],
        [
          -0.3251830041408539,
          0.2905385494232178,
          -0.8999130129814148,
          -1.9661800861358643
        ],
        [
          0.0,
          0.0,
          0.0,
          1.0
        ]
      ],
      "camera_fov": [
        0.7391648888587952,
        0.7391648888587952
      ],
      "camera_principal_point": [
        288.0,
        288.0
      ]
    }
  ]
}