{
  "object_uid": "Lantern_01",
  "illumination_index": 0,
  "illumination": {
    "type": "environment_illumination",
    "z_rotation": 0.6436596258682572,
    "img_name": "816-hdri-skies-com.hdr"
  },
  "coordinate_system": "ogl",
  "frames": [
    {
      "view_index": 0,
      "file_path": "rgba/0000.png",
      "width": 576,
      "height": 576,
      "transform_matrix": [
        [
          0.947321355342865,
          0.03294767811894417,
          0.3185855448246002,
          0.6930049657821655
        ],
        [
          0.0,
          0.9946947693824768,
          -0.10286995768547058,
          -0.2237684428691864
        ],
        [
          -0.32028472423553467,
          0.09745090454816818,
          0.9422955513000488,
          2.0497336387634277
        ],
        [
          0.0,
          0.0,
          0.0,
          1.0
        ]
      ],
      "camera_fov": [
        0.6687430739402771,
        0.6687430739402771
      ],
      "camera_principal_point": [
        288.0,
        288.0
      ]
    },
    {
      "view_index": 10,
      "file_path": "rgba/0010.png",
      "width": 576,
      "height": 576,
      "transform_matrix": [
        [
          -0.4294162094593048,
          0.1837701052427292,
          -0.8842116594314575,
          -1.6782740354537964
        ],
        [
          7.450580596923828e-09,
          0.9790778160095215,
          0.2034865766763687,
          0.3862268030643463
        ],
        [
          0.9031068086624146,
          0.08738043159246445,
          -0.42043182253837585,
          -0.7979987859725952
        ],
        [
          0.0,
          0.0,
          0.0,
          1.0
        ]
      ],
      "camera_fov": [
        0.6687430739402771,
        0.6687430739402771
      ],
      "camera_principal_point": [
        288.0,
        288.0
      ]
    },
    {
      "view_index": 21,
      "file_path": "rgba/0021.png",
      "width": 576,
      "height": 576,
      "transform_matrix": [
        [
          -0.6502461433410645,
          -0.2400086224079132,
          -0.7208161354064941,
          -1.7271414995193481
        ],
        [
          0.0,
          0.9487872123718262,
          -0.31591570377349854,
          -0.7569630146026611
        ],
        [
          0.7597237229347229,
          -0.20542293787002563,
          -0.616945207118988,
          -1.4782572984695435
        ],
        [
          0.0,
          0.0,
          0.0,
          1.0
        ]
      ],
      "camera_fov": [
        0.6687430739402771,
        0.6687430739402771
      ],
      "camera_principal_point": [
        288.0,
        288.0
      ]
    },
    {
      "view_index": 31,
      "file_path": "rgba/0031.png",
      "width": 576,
      "height": 576,
      "transform_matrix": [
        [
          -0.3644711673259735,
          0.24396023154258728,
          -0.8986902236938477,
          -1.945426106452942
        ],
        [
          0.0,
          0.9650732278823853,
          0.2619806230068207,
          0.5671185851097107
        ],
        [
          0.9312147498130798,
          0.09548439830541611,
          -0.35174131393432617,
          -0.7614266872406006
        ],
        [
          0.0,
          0.0,
          0.0,
          1.0
        ]
      ],
      "camera_fov": [
        0.6687430739402771,
        0.6687430739402771
      ],
      "camera_principal_point": [
        288.0,
        288.0
      ]
    }
  ]
}